
      [38;2;0;0;0m▄[38;2;0;0;0m▄[38;2;0;0;0m[48;2;109;150;255m▀[0m[38;2;0;0;0m[48;2;109;150;255m▀[0m[38;2;0;0;0m[48;2;109;150;255m▀[0m[38;2;0;0;0m[48;2;109;150;255m▀[0m[38;2;0;0;0m[48;2;109;150;255m▀[0m[38;2;0;0;0m▄[38;2;0;0;0m▄            
    [38;2;0;0;0m▄[38;2;0;0;0m[48;2;109;150;255m▀[0m[38;2;109;150;255m[48;2;153;174;255m▀[0m[38;2;153;174;255m[48;2;153;174;255m▀[0m[38;2;153;174;255m[48;2;153;174;255m▀[0m[38;2;109;150;255m[48;2;153;174;255m▀[0m[38;2;107;150;255m[48;2;107;150;255m▀[0m[38;2;107;150;255m[48;2;107;150;255m▀[0m[38;2;109;150;255m[48;2;109;150;255m▀[0m[38;2;109;150;255m[48;2;52;97;220m▀[0m[38;2;113;153;255m[48;2;64;101;196m▀[0m[38;2;0;0;8m[48;2;113;153;255m▀[0m[38;2;0;0;0m▄          
   [38;2;0;0;0m▄[38;2;0;0;8m[48;2;219;213;230m▀[0m[38;2;153;178;255m[48;2;102;111;167m▀[0m[38;2;109;150;255m[48;2;109;150;255m▀[0m[38;2;153;174;255m[48;2;109;150;255m▀[0m[38;2;153;174;255m[48;2;109;150;255m▀[0m[38;2;109;150;255m[48;2;109;150;255m▀[0m[38;2;109;150;255m[48;2;109;150;255m▀[0m[38;2;109;150;255m[48;2;52;97;220m▀[0m[38;2;68;83;189m[48;2;192;198;233m▀[0m[38;2;255;255;255m[48;2;255;255;255m▀[0m[38;2;255;255;255m[48;2;255;255;255m▀[0m[38;2;53;97;215m[48;2;255;255;255m▀[0m[38;2;0;0;0m[48;2;53;97;215m▀[0m[38;2;0;0;0m▄      [38;2;0;0;0m▄[38;2;0;0;0m▄ 
   [38;2;0;0;0m[48;2;0;0;0m▀[0m[38;2;219;213;230m[48;2;219;213;230m▀[0m[38;2;99;107;142m[48;2;65;64;65m▀[0m[38;2;109;150;255m[48;2;65;64;65m▀[0m[38;2;109;150;255m[48;2;65;64;65m▀[0m[38;2;107;150;255m[48;2;107;150;255m▀[0m[38;2;107;150;255m[48;2;107;150;255m▀[0m[38;2;109;150;255m[48;2;109;150;255m▀[0m[38;2;52;97;220m[48;2;52;97;220m▀[0m[38;2;246;238;255m[48;2;123;119;127m▀[0m[38;2;123;119;127m[48;2;0;0;0m▀[0m[38;2;255;255;255m[48;2;255;255;255m▀[0m[38;2;255;255;255m[48;2;255;255;255m▀[0m[38;2;52;97;225m[48;2;41;72;156m▀[0m[38;2;0;0;0m[48;2;0;0;0m▀[0m    [38;2;0;0;0m▄[38;2;0;0;0m[48;2;217;173;255m▀[0m[38;2;217;173;255m[48;2;248;241;255m▀[0m[38;2;217;173;255m[48;2;217;173;255m▀[0m[38;2;0;0;0m[48;2;0;0;0m▀[0m
 [38;2;0;0;0m▄[38;2;0;0;0m[48;2;230;207;255m▀[0m[38;2;65;64;65m[48;2;230;207;255m▀[0m[38;2;65;64;65m[48;2;217;173;255m▀[0m[38;2;217;173;255m[48;2;217;173;255m▀[0m[38;2;217;173;255m[48;2;217;173;255m▀[0m[38;2;217;173;255m[48;2;182;108;246m▀[0m[38;2;65;64;65m[48;2;186;108;246m▀[0m[38;2;65;64;65m[48;2;186;108;246m▀[0m[38;2;98;142;255m[48;2;40;40;65m▀[0m[38;2;56;88;162m[48;2;56;88;162m▀[0m[38;2;137;137;142m[48;2;69;68;79m▀[0m[38;2;1;0;16m[48;2;205;206;205m▀[0m[38;2;222;222;222m[48;2;222;222;222m▀[0m[38;2;222;222;222m[48;2;32;75;172m▀[0m[38;2;0;0;0m[48;2;0;0;0m▀[0m    [38;2;0;0;0m[48;2;0;0;0m▀[0m[38;2;215;173;255m[48;2;215;173;255m▀[0m[38;2;215;173;255m[48;2;215;173;255m▀[0m[38;2;215;173;255m[48;2;215;173;255m▀[0m[38;2;215;173;255m[48;2;215;173;255m▀[0m[38;2;0;0;0m[48;2;0;0;0m▀[0m
[38;2;0;0;0m▀[38;2;217;173;255m[48;2;0;0;0m▀[0m[38;2;217;173;255m[48;2;0;0;0m▀[0m[38;2;217;173;255m[48;2;0;0;0m▀[0m[38;2;207;145;251m[48;2;0;0;0m▀[0m[38;2;207;145;251m[48;2;0;0;0m▀[0m[38;2;186;108;246m[48;2;5;0;16m▀[0m[38;2;186;108;246m[48;2;65;64;65m▀[0m[38;2;65;64;65m[48;2;32;70;172m▀[0m[38;2;65;64;65m[48;2;32;70;172m▀[0m[38;2;33;71;172m[48;2;33;71;172m▀[0m[38;2;33;71;172m[48;2;33;71;172m▀[0m[38;2;32;71;172m[48;2;32;71;172m▀[0m[38;2;32;71;172m[48;2;0;0;0m▀[0m[38;2;34;71;169m[48;2;0;0;0m▀[0m[38;2;0;0;0m▀    [38;2;0;0;0m[48;2;0;0;0m▀[0m[38;2;217;173;255m[48;2;217;173;255m▀[0m[38;2;215;173;255m[48;2;215;173;255m▀[0m[38;2;215;173;255m[48;2;215;173;255m▀[0m[38;2;217;173;255m[48;2;217;173;255m▀[0m[38;2;0;0;0m[48;2;0;0;0m▀[0m 
       [38;2;0;0;0m▀[38;2;0;0;0m▀[38;2;34;71;169m[48;2;0;0;0m▀[0m[38;2;33;71;172m[48;2;33;71;172m▀[0m[38;2;33;71;172m[48;2;33;71;172m▀[0m[38;2;0;0;0m[48;2;0;0;0m▀[0m       [38;2;0;0;0m[48;2;0;0;0m▀[0m[38;2;186;108;246m[48;2;186;108;246m▀[0m[38;2;207;154;251m[48;2;207;154;251m▀[0m[38;2;207;154;251m[48;2;0;0;0m▀[0m[38;2;0;0;0m▀  
        [38;2;0;0;0m▄[38;2;0;0;0m[48;2;34;71;169m▀[0m[38;2;34;70;169m[48;2;53;95;218m▀[0m[38;2;34;70;169m[48;2;34;70;169m▀[0m[38;2;32;71;172m[48;2;32;71;172m▀[0m[38;2;0;0;0m[48;2;52;86;225m▀[0m[38;2;0;0;0m▄[38;2;0;0;0m▄[38;2;0;0;0m▄  [38;2;0;0;0m[48;2;0;0;0m▀[0m[38;2;125;72;184m[48;2;183;108;251m▀[0m[38;2;183;108;251m[48;2;4;0;8m▀[0m[38;2;0;0;0m▀    
     [38;2;0;0;0m▄[38;2;0;0;0m▄[38;2;0;0;0m▄[38;2;0;0;8m[48;2;113;153;255m▀[0m[38;2;64;101;196m[48;2;113;153;255m▀[0m[38;2;52;97;220m[48;2;109;150;255m▀[0m[38;2;52;97;220m[48;2;52;97;220m▀[0m[38;2;55;97;217m[48;2;55;97;217m▀[0m[38;2;55;97;217m[48;2;55;97;217m▀[0m[38;2;55;97;217m[48;2;55;97;217m▀[0m[38;2;55;97;217m[48;2;55;97;217m▀[0m[38;2;53;97;215m[48;2;53;97;215m▀[0m[38;2;0;0;0m[48;2;53;97;215m▀[0m[38;2;0;8;0m[48;2;55;97;217m▀[0m[38;2;186;108;246m[48;2;65;64;65m▀[0m[38;2;186;108;246m[48;2;0;0;0m▀[0m[38;2;0;0;0m▀     
  [38;2;0;0;0m▄[38;2;0;0;0m[48;2;186;108;246m▀[0m[38;2;5;0;16m[48;2;186;108;246m▀[0m[38;2;186;108;246m[48;2;65;64;65m▀[0m[38;2;65;64;65m[48;2;109;150;255m▀[0m[38;2;109;150;255m[48;2;109;150;255m▀[0m[38;2;107;150;255m[48;2;107;150;255m▀[0m[38;2;107;150;255m[48;2;107;150;255m▀[0m[38;2;107;150;255m[48;2;107;150;255m▀[0m[38;2;107;150;255m[48;2;107;150;255m▀[0m[38;2;52;97;220m[48;2;109;150;255m▀[0m[38;2;52;97;220m[48;2;52;97;220m▀[0m[38;2;55;97;217m[48;2;55;97;217m▀[0m[38;2;55;97;217m[48;2;55;97;217m▀[0m[38;2;55;97;217m[48;2;55;97;217m▀[0m[38;2;55;97;217m[48;2;55;97;217m▀[0m[38;2;55;97;217m[48;2;55;97;217m▀[0m[38;2;55;97;217m[48;2;55;97;217m▀[0m[38;2;0;0;0m[48;2;34;71;169m▀[0m[38;2;0;0;0m▄     
 [38;2;0;0;0m[48;2;0;0;0m▀[0m[38;2;182;108;246m[48;2;182;108;246m▀[0m[38;2;217;173;255m[48;2;182;108;246m▀[0m[38;2;186;108;246m[48;2;186;108;246m▀[0m[38;2;65;64;65m[48;2;65;64;65m▀[0m[38;2;67;111;239m[48;2;67;111;239m▀[0m[38;2;67;111;239m[48;2;123;84;211m▀[0m[38;2;117;82;211m[48;2;217;173;255m▀[0m[38;2;117;82;211m[48;2;217;173;255m▀[0m[38;2;109;150;255m[48;2;124;82;207m▀[0m[38;2;109;150;255m[48;2;109;150;255m▀[0m[38;2;109;150;255m[48;2;52;97;220m▀[0m[38;2;52;97;220m[48;2;52;97;220m▀[0m[38;2;55;97;217m[48;2;55;97;217m▀[0m[38;2;55;97;217m[48;2;55;97;217m▀[0m[38;2;55;94;217m[48;2;65;64;65m▀[0m[38;2;55;94;217m[48;2;65;64;65m▀[0m[38;2;65;64;65m[48;2;217;173;255m▀[0m[38;2;65;64;65m[48;2;217;173;255m▀[0m[38;2;65;64;65m[48;2;209;164;255m▀[0m[38;2;65;64;65m[48;2;167;133;211m▀[0m[38;2;0;0;0m[48;2;186;108;246m▀[0m[38;2;0;0;0m▄   
  [38;2;0;0;0m▀[38;2;0;0;0m▀[38;2;186;108;246m[48;2;0;0;0m▀[0m[38;2;186;108;246m[48;2;0;0;0m▀[0m[38;2;65;64;65m[48;2;4;0;8m▀[0m[38;2;181;117;246m[48;2;4;0;8m▀[0m[38;2;182;108;246m[48;2;182;108;246m▀[0m[38;2;217;173;255m[48;2;182;108;246m▀[0m[38;2;209;164;255m[48;2;184;117;239m▀[0m[38;2;122;72;217m[48;2;184;117;239m▀[0m[38;2;52;97;220m[48;2;138;91;221m▀[0m[38;2;53;97;218m[48;2;138;91;221m▀[0m[38;2;65;64;65m[48;2;65;64;65m▀[0m[38;2;65;64;65m[48;2;186;108;246m▀[0m[38;2;217;173;255m[48;2;182;108;246m▀[0m[38;2;217;173;255m[48;2;217;173;255m▀[0m[38;2;248;241;255m[48;2;217;173;255m▀[0m[38;2;217;173;255m[48;2;217;173;255m▀[0m[38;2;217;173;255m[48;2;182;108;246m▀[0m[38;2;217;173;255m[48;2;182;108;246m▀[0m[38;2;184;108;246m[48;2;184;108;246m▀[0m[38;2;184;108;246m[48;2;184;108;246m▀[0m[38;2;0;0;0m[48;2;0;0;0m▀[0m  
        [38;2;0;0;0m▀[38;2;0;0;0m▀[38;2;186;108;246m[48;2;0;0;0m▀[0m[38;2;186;108;246m[48;2;0;0;0m▀[0m[38;2;186;108;246m[48;2;0;0;0m▀[0m[38;2;186;108;246m[48;2;0;0;0m▀[0m[38;2;0;0;0m▀[38;2;186;108;246m[48;2;0;0;0m▀[0m[38;2;186;108;246m[48;2;0;0;0m▀[0m[38;2;186;108;246m[48;2;186;108;246m▀[0m[38;2;184;108;246m[48;2;184;108;246m▀[0m[38;2;184;108;246m[48;2;184;108;246m▀[0m[38;2;186;108;246m[48;2;186;108;246m▀[0m[38;2;186;108;246m[48;2;0;0;0m▀[0m[38;2;186;108;246m[48;2;0;0;0m▀[0m[38;2;0;0;0m▀   
                 [38;2;0;0;0m▀[38;2;0;0;0m▀[38;2;0;0;0m▀[38;2;0;0;0m▀      
[0m
